local playerupgrade = {{1,0,0},{0,1,0},{0,0,1}}
local globalupgrade = {{1,0,0},{0,1,0},{0,0,1}}

function shuffle(tab)
    local len = #tab
    local r
    for i = 1, len do
          r = math.random(i, len)
        tab[i], tab[r] = tab[r], tab[i]
    end
end

{0,0,0,0,0,0,0,0,0,0,0,0,0,0,0,0,0,0,0,0,0,0,0,0,0,0,0,0,0,0,0,0}
{0,0,0,0,0,0,0,0,0,0,0,0,0,0,0,0,0,0,0,0,0,0,0,0,0,0,0,0,0,0,0,0}
{0,0,0,0,0,0,0,0,0,0,0,0,0,0,0,0,0,0,0,0,0,0,0,0,0,0,0,0,0,0,0,0}
{0,0,0,1,1,1,1,1,1,1,1,1,1,1,1,1,1,1,1,1,1,1,1,1,1,1,1,1,1,0,0,0}
{0,0,0,1,2,2,2,2,2,2,2,2,2,2,2,2,2,2,2,2,2,2,2,2,2,2,2,2,1,0,0,0}
{0,0,0,1,2,3,3,3,3,3,3,3,3,3,3,3,3,3,3,3,3,3,3,3,3,3,3,2,1,0,0,0}
{0,0,0,1,2,3,4,4,4,4,4,4,4,4,4,4,4,4,4,4,4,4,4,4,4,4,3,2,1,0,0,0}
{0,0,0,1,2,3,4,5,5,5,5,5,5,5,5,5,5,5,5,5,5,5,5,5,5,4,3,2,1,0,0,0}
{0,0,0,1,2,3,4,5,6,6,6,6,6,6,6,6,6,6,6,6,6,6,6,6,5,4,3,2,1,0,0,0}
{0,0,0,1,2,3,4,5,6,7,7,7,7,7,7,7,7,7,7,7,7,7,7,6,5,4,3,2,1,0,0,0}
{0,0,0,1,2,3,4,5,6,7,8,8,8,8,8,8,8,8,8,8,8,8,7,6,5,4,3,2,1,0,0,0}
{0,0,0,1,2,3,4,5,6,7,8,9,9,9,9,9,9,9,9,9,9,8,7,6,5,4,3,2,1,0,0,0}
{0,0,0,1,2,3,4,5,6,7,8,9,10,10,10,10,10,10,10,10,9,8,7,6,5,4,3,2,1,0,0,0}
{0,0,0,1,2,3,4,5,6,7,8,9,10,11,11,11,11,11,11,10,9,8,7,6,5,4,3,2,1,0,0,0}
{0,0,0,1,2,3,4,5,6,7,8,9,10,11,12,12,12,12,11,10,9,8,7,6,5,4,3,2,1,0,0,0}
{0,0,0,1,2,3,4,5,6,7,8,9,10,11,12,99,99,12,11,10,9,8,7,6,5,4,3,2,1,0,0,0}
{0,0,0,1,2,3,4,5,6,7,8,9,10,11,12,99,99,12,11,10,9,8,7,6,5,4,3,2,1,0,0,0}
{0,0,0,1,2,3,4,5,6,7,8,9,10,11,12,12,12,12,11,10,9,8,7,6,5,4,3,2,1,0,0,0}
{0,0,0,1,2,3,4,5,6,7,8,9,10,11,11,11,11,11,11,10,9,8,7,6,5,4,3,2,1,0,0,0}
{0,0,0,1,2,3,4,5,6,7,8,9,10,10,10,10,10,10,10,10,9,8,7,6,5,4,3,2,1,0,0,0}
{0,0,0,1,2,3,4,5,6,7,8,9,9,9,9,9,9,9,9,9,9,8,7,6,5,4,3,2,1,0,0,0}
{0,0,0,1,2,3,4,5,6,7,8,8,8,8,8,8,8,8,8,8,8,8,7,6,5,4,3,2,1,0,0,0}
{0,0,0,1,2,3,4,5,6,7,7,7,7,7,7,7,7,7,7,7,7,7,7,6,5,4,3,2,1,0,0,0}
{0,0,0,1,2,3,4,5,6,6,6,6,6,6,6,6,6,6,6,6,6,6,6,6,5,4,3,2,1,0,0,0}
{0,0,0,1,2,3,4,5,5,5,5,5,5,5,5,5,5,5,5,5,5,5,5,5,5,4,3,2,1,0,0,0}
{0,0,0,1,2,3,4,4,4,4,4,4,4,4,4,4,4,4,4,4,4,4,4,4,4,4,3,2,1,0,0,0}
{0,0,0,1,2,3,3,3,3,3,3,3,3,3,3,3,3,3,3,3,3,3,3,3,3,3,3,2,1,0,0,0}
{0,0,0,1,2,2,2,2,2,2,2,2,2,2,2,2,2,2,2,2,2,2,2,2,2,2,2,2,1,0,0,0}
{0,0,0,1,1,1,1,1,1,1,1,1,1,1,1,1,1,1,1,1,1,1,1,1,1,1,1,1,1,0,0,0}
{0,0,0,0,0,0,0,0,0,0,0,0,0,0,0,0,0,0,0,0,0,0,0,0,0,0,0,0,0,0,0,0}
{0,0,0,0,0,0,0,0,0,0,0,0,0,0,0,0,0,0,0,0,0,0,0,0,0,0,0,0,0,0,0,0}
{0,0,0,0,0,0,0,0,0,0,0,0,0,0,0,0,0,0,0,0,0,0,0,0,0,0,0,0,0,0,0,0}



for i = 1, #players do
    local x, y = 4, 4
    if i == 2 or i == 4 then
        x = 104
    elseif i == 3 or i == 4 then
        y = 112
    end
    love.graphics.rectangle('fill', x, y, 8, 8)
    love.graphics.rectangle('fill', x+12, y, 8, 8)
end